INSERT INTO NOMINATA_IN_OE (ANNATA_OE, COD_OPERA) VALUES
(2022, 740),
(2022, 784),
(2022, 2106),
(2022, 2578),
(2022, 3293),
(2022, 2021),
(2022, 402),
(2022, 1318),
(2022, 80),
(2022, 2769),
(2022, 627),
(2022, 696),
(2022, 1017),
(2022, 3222),
(2022, 1874),
(2022, 2269),
(2022, 2749),
(2022, 974),
(2022, 1932),
(2022, 2076),
(2022, 2404),
(2022, 968),
(2022, 2170),
(2022, 2427),
(2022, 1026),
(2022, 1208),
(2022, 678),
(2022, 3093),
(2022, 335),
(2022, 2637),
(2022, 2103),
(2022, 2188),
(2022, 346),
(2022, 2829),
(2022, 553),
(2022, 1455),
(2022, 3120),
(2022, 556),
(2022, 3344),
(2022, 2398),
(2022, 1984),
(2022, 2881),
(2022, 3326),
(2022, 379),
(2022, 240),
(2022, 779),
(2022, 64),
(2022, 1439),
(2022, 1583),
(2022, 776),
(2022, 3149),
(2022, 2526),
(2022, 332),
(2022, 650),
(2022, 676),
(2022, 2424),
(2022, 2463),
(2022, 2664),
(2022, 1925),
(2022, 2108),
(2022, 874),
(2022, 1408),
(2022, 3062),
(2022, 3159),
(2022, 155),
(2022, 892),
(2022, 772),
(2022, 361),
(2022, 2673),
(2022, 3054),
(2022, 2971),
(2022, 870),
(2022, 1833),
(2022, 1164),
(2022, 1751),
(2022, 2586),
(2022, 596),
(2022, 1681),
(2022, 2705),
(2022, 1959),
(2022, 2760),
(2022, 641),
(2022, 1869),
(2022, 417),
(2022, 3229),
(2022, 1642),
(2022, 251),
(2022, 1965),
(2022, 1679),
(2022, 368),
(2022, 987),
(2022, 2034),
(2022, 1654),
(2022, 639),
(2022, 2595),
(2022, 2212),
(2022, 2738),
(2022, 3197),
(2022, 2320),
(2022, 2363),
(2022, 15137),
(2022, 19142),
(2022, 4464),
(2022, 14426),
(2022, 6381),
(2022, 9682),
(2022, 8716),
(2022, 4980),
(2022, 12400),
(2022, 11704),
(2022, 7436),
(2022, 9931),
(2022, 26925),
(2022, 21782),
(2022, 6644),
(2022, 24527),
(2022, 14090),
(2022, 12075),
(2022, 23302),
(2022, 6827),
(2022, 24902),
(2022, 22328),
(2022, 19656),
(2022, 17601),
(2022, 24109),
(2022, 5646),
(2022, 26828),
(2022, 16926),
(2022, 8139),
(2022, 3554),
(2022, 5209),
(2022, 26602),
(2022, 3453),
(2022, 21522),
(2022, 17808),
(2022, 14836),
(2022, 12749),
(2022, 16756),
(2022, 25649),
(2022, 26895),
(2022, 10278),
(2022, 4334),
(2022, 25621),
(2022, 22396),
(2022, 27472),
(2022, 19781),
(2022, 22836),
(2022, 4793),
(2022, 10030),
(2022, 11305),
(2022, 22034),
(2022, 25205),
(2022, 24808),
(2022, 5245),
(2022, 19853),
(2022, 16555),
(2022, 26503),
(2022, 18852),
(2022, 16959),
(2022, 16441),
(2022, 16045),
(2022, 5406),
(2022, 11192),
(2022, 18135),
(2022, 12045),
(2022, 27339),
(2022, 15483),
(2022, 19189),
(2022, 16096),
(2022, 5806),
(2022, 17636),
(2022, 25081),
(2022, 6066),
(2022, 15921),
(2022, 24050),
(2022, 8543),
(2022, 27894),
(2022, 27832),
(2022, 21205),
(2022, 28115),
(2022, 12165),
(2022, 22050),
(2022, 5272),
(2022, 9411),
(2022, 16609),
(2022, 9174),
(2022, 23896),
(2022, 14969),
(2022, 17962),
(2022, 12237),
(2022, 23498),
(2022, 19943),
(2022, 10808),
(2022, 14581),
(2022, 11801),
(2022, 16410),
(2022, 4435),
(2022, 3855),
(2022, 8669),
(2022, 25770),
(2023, 3292),
(2023, 1377),
(2023, 1840),
(2023, 960),
(2023, 2382),
(2023, 2519),
(2023, 1767),
(2023, 490),
(2023, 2023),
(2023, 914),
(2023, 1001),
(2023, 3261),
(2023, 1063),
(2023, 2217),
(2023, 1222),
(2023, 1709),
(2023, 1537),
(2023, 576),
(2023, 2083),
(2023, 464),
(2023, 855),
(2023, 1350),
(2023, 3104),
(2023, 297),
(2023, 53),
(2023, 1580),
(2023, 1759),
(2023, 1756),
(2023, 593),
(2023, 765),
(2023, 924),
(2023, 1517),
(2023, 1977),
(2023, 1037),
(2023, 207),
(2023, 246),
(2023, 2259),
(2023, 1151),
(2023, 2794),
(2023, 562),
(2023, 2561),
(2023, 1750),
(2023, 2887),
(2023, 3002),
(2023, 3197),
(2023, 3106),
(2023, 2968),
(2023, 417),
(2023, 3330),
(2023, 1605),
(2023, 1611),
(2023, 334),
(2023, 1563),
(2023, 495),
(2023, 2633),
(2023, 1715),
(2023, 1457),
(2023, 280),
(2023, 772),
(2023, 3029),
(2023, 988),
(2023, 2859),
(2023, 1730),
(2023, 82),
(2023, 2575),
(2023, 2260),
(2023, 3323),
(2023, 2302),
(2023, 2513),
(2023, 55),
(2023, 3241),
(2023, 1666),
(2023, 1633),
(2023, 2061),
(2023, 362),
(2023, 1964),
(2023, 2827),
(2023, 660),
(2023, 2091),
(2023, 2523),
(2023, 3222),
(2023, 1532),
(2023, 1326),
(2023, 1189),
(2023, 197),
(2023, 3220),
(2023, 1603),
(2023, 584),
(2023, 540),
(2023, 1859),
(2023, 1255),
(2023, 493),
(2023, 445),
(2023, 688),
(2023, 175),
(2023, 3112),
(2023, 1247),
(2023, 2516),
(2023, 1719),
(2023, 3150),
(2023, 9186),
(2023, 8906),
(2023, 21890),
(2023, 22124),
(2023, 12945),
(2023, 13754),
(2023, 25142),
(2023, 22966),
(2023, 4684),
(2023, 5783),
(2023, 16900),
(2023, 8285),
(2023, 18047),
(2023, 12854),
(2023, 15539),
(2023, 8144),
(2023, 16292),
(2023, 15710),
(2023, 15189),
(2023, 12088),
(2023, 17039),
(2023, 25941),
(2023, 17086),
(2023, 10244),
(2023, 14563),
(2023, 28062),
(2023, 22436),
(2023, 7779),
(2023, 26812),
(2023, 3389),
(2023, 25069),
(2023, 26344),
(2023, 16235),
(2023, 19839),
(2023, 20239),
(2023, 20601),
(2023, 19204),
(2023, 26024),
(2023, 16867),
(2023, 26492),
(2023, 7835),
(2023, 22190),
(2023, 6264),
(2023, 27435),
(2023, 27117),
(2023, 20885),
(2023, 4175),
(2023, 27109),
(2023, 21225),
(2023, 11873),
(2023, 11895),
(2023, 15311),
(2023, 24641),
(2023, 16109),
(2023, 4307),
(2023, 26287),
(2023, 10122),
(2023, 7078),
(2023, 7197),
(2023, 13294),
(2023, 25132),
(2023, 12522),
(2023, 25817),
(2023, 28085),
(2023, 10422),
(2023, 21491),
(2023, 19241),
(2023, 15166),
(2023, 20537),
(2023, 22077),
(2023, 19994),
(2023, 28351),
(2023, 14234),
(2023, 8185),
(2023, 17529),
(2023, 7472),
(2023, 26530),
(2023, 17419),
(2023, 17517),
(2023, 25200),
(2023, 21170),
(2023, 8090),
(2023, 25906),
(2023, 12541),
(2023, 10695),
(2023, 24366),
(2023, 23432),
(2023, 14173),
(2023, 21502),
(2023, 24774),
(2023, 10923),
(2023, 6613),
(2023, 20429),
(2023, 18543),
(2023, 7552),
(2023, 27061),
(2023, 10386),
(2023, 3516),
(2023, 26999),
(2023, 7994),
(2024, 2070),
(2024, 1083),
(2024, 317),
(2024, 670),
(2024, 537),
(2024, 7),
(2024, 2755),
(2024, 1514),
(2024, 3321),
(2024, 577),
(2024, 2314),
(2024, 2284),
(2024, 604),
(2024, 964),
(2024, 2900),
(2024, 1645),
(2024, 2266),
(2024, 2407),
(2024, 2232),
(2024, 778),
(2024, 2767),
(2024, 2281),
(2024, 1243),
(2024, 1106),
(2024, 2414),
(2024, 2921),
(2024, 300),
(2024, 453),
(2024, 2399),
(2024, 3231),
(2024, 1320),
(2024, 1947),
(2024, 2029),
(2024, 3298),
(2024, 3191),
(2024, 3280),
(2024, 1266),
(2024, 1869),
(2024, 2415),
(2024, 1104),
(2024, 2353),
(2024, 51),
(2024, 2671),
(2024, 911),
(2024, 2082),
(2024, 1053),
(2024, 442),
(2024, 2267),
(2024, 1229),
(2024, 1390),
(2024, 1327),
(2024, 906),
(2024, 839),
(2024, 124),
(2024, 194),
(2024, 2382),
(2024, 1927),
(2024, 2980),
(2024, 2705),
(2024, 1722),
(2024, 1674),
(2024, 2363),
(2024, 148),
(2024, 3226),
(2024, 2924),
(2024, 923),
(2024, 3158),
(2024, 1372),
(2024, 688),
(2024, 2805),
(2024, 346),
(2024, 360),
(2024, 2742),
(2024, 492),
(2024, 2977),
(2024, 1703),
(2024, 2285),
(2024, 2806),
(2024, 1466),
(2024, 2136),
(2024, 484),
(2024, 2628),
(2024, 1626),
(2024, 1237),
(2024, 1928),
(2024, 1720),
(2024, 1839),
(2024, 853),
(2024, 276),
(2024, 1548),
(2024, 471),
(2024, 2260),
(2024, 1197),
(2024, 1141),
(2024, 1975),
(2024, 395),
(2024, 2326),
(2024, 842),
(2024, 1868),
(2024, 2881),
(2024, 5070),
(2024, 9805),
(2024, 25301),
(2024, 16991),
(2024, 26024),
(2024, 6333),
(2024, 8438),
(2024, 8060),
(2024, 13431),
(2024, 14516),
(2024, 9619),
(2024, 8013),
(2024, 27673),
(2024, 17129),
(2024, 12694),
(2024, 21614),
(2024, 20669),
(2024, 22342),
(2024, 27322),
(2024, 5530),
(2024, 18452),
(2024, 23395),
(2024, 5739),
(2024, 27430),
(2024, 5705),
(2024, 6515),
(2024, 8091),
(2024, 3436),
(2024, 5745),
(2024, 17644),
(2024, 5392),
(2024, 13664),
(2024, 27898),
(2024, 6380),
(2024, 21099),
(2024, 20921),
(2024, 27951),
(2024, 16931),
(2024, 19866),
(2024, 9282),
(2024, 27707),
(2024, 15871),
(2024, 7457),
(2024, 27626),
(2024, 19001),
(2024, 6937),
(2024, 13125),
(2024, 24675),
(2024, 17477),
(2024, 26670),
(2024, 9423),
(2024, 10184),
(2024, 13794),
(2024, 25762),
(2024, 12941),
(2024, 4253),
(2024, 27221),
(2024, 18160),
(2024, 11870),
(2024, 22015),
(2024, 8781),
(2024, 21307),
(2024, 26003),
(2024, 25129),
(2024, 27409),
(2024, 15299),
(2024, 18152),
(2024, 27929),
(2024, 22923),
(2024, 27269),
(2024, 27892),
(2024, 4536),
(2024, 20602),
(2024, 17123),
(2024, 7189),
(2024, 13856),
(2024, 6724),
(2024, 3986),
(2024, 8624),
(2024, 21522),
(2024, 12922),
(2024, 4949),
(2024, 21087),
(2024, 18013),
(2024, 8337),
(2024, 8585),
(2024, 23333),
(2024, 22458),
(2024, 3570),
(2024, 18060),
(2024, 25806),
(2024, 15187),
(2024, 19540),
(2024, 20416),
(2024, 8535),
(2024, 15135),
(2024, 23467),
(2024, 17797),
(2024, 28324),
(2024, 8312),
(2022, 833);
